*DESC,R,TB,LR,C,R,W,H,G,CF
*Description,Reserved,Top&BottomMargin,Left&RightMargin,#Columns,#Rows,Width,Height,Gutter,ContinuousForm?
4010 Address-Roll (15/16"x3-1/2"; 3-1/2"x6"),0,0.0,0.0,1,6,3.3,1.000,0,1
4011 Address-Roll (1-7/16"x4"; 4"x6"),0,0.000,0.000,1,4,3.8,1.5,0,1
4143 Address (15/16"x4"; 8-1/2"x12"),0,0.000,0.000,2,12,3.850,1.000,0.25,1
4144 Address (15/16"x2-1/2"; 8-1/2"x12"),0,0,0,3,12,2.250,1.0,0.350,1
4145 Address (15/16"x3-1/2"; 3-1/2"x6"),0,0.000,0.000,1,6,3.300,1.000,3.500,1
4146 Address (1-7/16"x4"; 4"x6"),0,0.000,0.000,1,4,3.8,1.500,0,1
4160 Name Badge (2-7/16"x3-1/2; 3-1/2"x5"),0,0.0,0.0,1,2,3.300,2.500,0,1
4161 Shipping-Red Border (2-15/16"x4"; 4"x6"),0,0.000,0.000,1,2,3.8,3.000,0,1
4162 Address-Clear (15/16"x3-1/2"; 3-1/2"x6"),0,0.0,0.0,1,6,3.3,1.0,0,1
4163 Piggy-Back (15/16"x3-1/2"; 3-1/2"x6"),0,0.0,0.0,1,6,3.3,1.0,0,1
4166 Index Card (5"x3"; 5"x6"),0,0.000,0.000,1,2,4.8,3.0,0,1
4167 Post Card (6"x3-1/2"; 6"x7"),0,0.000,0.000,1,2,5.8,3.5,0,1
4168 Rotary Index (2-1/6"x4"; 4"x6-1/2"),0,0.000,0.000,1,3,3.8,2.166666,0,1
4169 Rotary Index (5"x3"; 5"x6"),0,0.0,0.0,1,2,4.8,3.0,0,1
4240 5-1/4" Diskette (1-1/4"x4-3/4"; 4-3/4"x12"),0,0.0,0.0,1,8,4.550,1.5,0,1
4241 3-1/2" Diskette (2-3/4"x2-3/4"; 2-3/4"x6"),0,0.0,0.0,1,2,2.550,3.0,0,1
4249 Address-Green (15/16"x3-1/2"; 3-1/2"x6"),0,0.0,0.0,1,6,3.3,1.0,0,1
4250 Address-Blue (15/16"x3-1/2"; 3-1/2"x6"),0,0.0,0.0,1,6,3.3,1.0,0,1
4251 Address-Pink (15/16"x3-1/2"; 3-1/2"x6"),0,0.0,0.0,1,6,3.3,1.0,0,1
4253 Address-Yellow (15/16"x3-1/2"; 3-1/2"x6"),0,0.0,0.0,1,6,3.3,1.0,0,1
4254 Address-Red Glow (15/16"x3-1/2"; 3-1/2"x6"),0,0.0,0.0,1,6,3.3,1.0,0,1
4255 File Folder (7/16"x3-1/2"; 3-1/2"x6"),0,0.0,0.0,1,12,3.3,0.5,0,1
4256 File Folder-Blue (7/16"x3-1/2"; 3-1/2"x6"),0,0.0,0.0,1,12,3.3,0.5,0,1
4257 File Folder-Red (7/16"x3-1/2"; 3-1/2"x6"),0,0.0,0.0,1,12,3.3,0.5,0,1
4258 File Folder-Green (7/16"x3-1/2"; 3-1/2"x6"),0,0.0,0.0,1,12,3.3,0.5,0,1
4259 File Folder-Yellow (7/16"x3-1/2"; 3-1/2"x6"),0,0.0,0.0,1,12,3.3,0.5,0,1
4266 File Folder-Assorted (7/16"x3-1/2"; 3-1/2"x6"),0,0.0,0.0,1,12,3.3,0.5,0,1
*
5095 Name Badge - Red (2-1/3"x3-3/8"),0,0.646,0.751,2,4,3.187,2.500,0.563,0
5096 3-1/2" Diskette - Red (2-3/4"x2-3/4"),0,0.500,0.125,3,3,2.750,3.000,0.000,0
5097 5-1/4" Diskette - Red (1-1/2"x4"),0,1.000,0.156,2,6,4.000,1.500,0.188,0
5160 Address (1"x2-5/8"),0,0.500,0.188,3,10,2.625,1.000,0.125,0
5161 Address (1"x4"),0,0.500,0.156,2,10,4.000,1.000,0.188,0
5162 Address (1-1/3"x4"),0,0.833,0.156,2,7,4.000,1.333,0.188,0
5163 Address / Shipping (2"x4"),0,0.500,0.156,2,5,4.000,2.000,0.188,0
5164 Address / Shipping (3-1/3"x4"),0,0.500,0.156,2,3,4.000,3.333,0.188,0
5165 Full Sheet (8-1/2"x11"),0,0.2,0.000,1,1,8.500,10.600,0.000,0
5196 3-1/2" Diskette (2-3/4"x2-3/4"),0,0.500,0.125,3,3,2.750,3.000,0.000,0
5197 5-1/4" Diskette (1-1/2"x4"),0,1.000,0.156,2,6,4.000,1.500,0.188,0
5198 Audio Cassette (1-2/3"x3-1/2"),0,0.500,0.600,2,6,3.161,1.667,0.839,0
5199 Video Cassette Face (1-5/6"x3-1/16"),0,0.917,1.069,2,5,2.938,1.833,0.362,0
5199 Video Cassette Spine (2/3"x5-13/16"),0,0.500,1.344,1,15,5.625,0.667,0.000,0
5260 Address (1"x2-5/8"),0,0.500,0.188,3,10,2.625,1.000,0.125,0
5261 Address (1"x4"),0,0.500,0.156,2,10,4.000,1.000,0.188,0
5262 Address (1-1/3"x4"),0,0.833,0.156,2,7,4.000,1.333,0.188,0
5266 File Folder (2/3"x3-7/16"),0,0.625,0.781,2,15,2.938,0.67,1.062, 0
5267 Return Address (1/2"x1-3/4"),0,0.500,0.281,4,20,1.625,0.500,0.438,0
5293 Round (1-2/3" diam),0,0.500,0.438,4,6,1.667,1.667,0.000,0
5294 Round (2-1/2" diam),0,0.500,0.250,3,4,2.5,2.500,0.000,0
5295 Round (3-1/3" diam),0,0.500,0.625,2,3,3.333,3.333,0.000,0
5383 Name Tag (2-1/6"x3-1/2"),0,1.167,0.750,2,4,3.437,2.167,0.063,0
5384 Name Tag (3"x4"),0,1.000,0.250,2,3,4.000,3.000,0.000,0
5385 Rotary Index Card (2-1/6"x4"),0,1.167,0.250,2,4,4.000,2.167,0.000,0
5386 Rotary Index Card (3"x5"),0,1.000,1.750,1,3,4.750,3.000,0.000,0
5388 Index Card (3"x5"),0,1.000,1.750,1,3,4.625,3.000,0.000,0
5389 Index/Post Card (4"x6"),0,1.500,1.250,1,2,5.625,4.000,0.000,0
5395 Name Badge (2-1/3"x3-3/8"),0,0.646,0.751,2,4,3.187,2.500,0.563,0
5660 Clear Address (1"x2-5/6"),0,0.500,0.000,3,10,2.833,1.000,0.000,0
5662 Clear Address (1-1/3"x4-1/4":),0,0.835,0.000,2,7,4.250,1.333,0.000,0
5663 Clear Address (2"x4-1/4"),0,0.500,0.000,2,5,4.250,2.000,0.000,0
5883 Name Tag - Blue (2-1/6"x3-1/2"),0,1.417,0.939,2,4,3.000,2.167,0.500,0
5895 Name Badge - Blue (2-1/3"x3-3/8"),0,0.646,0.751,2,4,3.187,2.500,0.563,0
5896 3-1/2" Diskette - Blue (2-3/4"x2-3/4"),0,0.500,0.125,3,3,2.750,3.000,0.000,0
5897 5-1/4" Diskette - Blue (1-1/2"x4"),0,1.000,0.156,2,6,4.000,1.500,0.188,0
LSK-3 Index Maker 3 Tab (1/2"x3-1/8"),0,0.500,0.500,2,20,3.125,0.500,1.250,0
LSK-5 Index Maker 5 Tab (1/2"x1-3/4"),0,0.500,0.237,4,20,1.750,0.500,0.300,0
LSK-8 Index Maker 8 Tab (1/2"x1-1/8"),0,0.500,0.500,4,20,1.125,0.500,1.000,0
RI-213-5 Ready Index 5 Tab (2"x3"),0,0.630,5.125,1,5,3.000,2.000,0.000,0
RI-213-8 Ready Index 8 Tab (1.22"x3"),0,0.630,5.125,1,8,3.000,1.220,0.000,0
R1-213-10 Ready Index 10 Tab (1"x3"),0,0.630,5.125,1,10,3.000,1.000,0.000,0
RI-213-12 Ready Index 12 Tab (0.84"x3"),0,0.500,5.125,1,12,3.000,0.840,0.000,0
RI-213-15 Ready Index 15 Tab (0.63"x3"),0,0.940,5.125,1,15,3.000,0.630,0.000,0
